(13,0)
(19,0)
(34,2050193362)
(39,0)
(52,52991)
(4,0)
(71,0)
(16,2)
(55,4434335770)
(66,0)
(28,0)
(29,0)
(54,3528351811)
(65,0)
(11,307930356)
(14,0)
(50,0)
(30,0)
(24,0)
(64,0)
(35,0)
(51,0)
(37,2956369)
(57,492633432)
(36,0)
(45,0)
(1,105913432)
(74,494554194)
(63,0)
(72,0)
(17,2322242936)
(70,0)
(18,347655975)
(12,0)
(9,0)
(38,343885)
(75,2222560)
(49,0)
(20,0)
(43,0)
(10,1962656049)
(41,234190)
(61,1868119895)
(56,3429108185)
(15,0)
(21,0)
(47,0)
(53,2818196)
(22,0)
(25,1562492745)
(46,0)
(48,0)
(59,0)
(73,28976474)
(32,7350950087)
(27,0)
(0,723532059)
(62,1648547203)
(33,3868486518)
(42,5062764)
(23,0)
(40,0)
(6,0)
(67,745316)
(69,0)
(3,0)
(7,0)
(8,0)
(58,0)
(44,0)
(60,3018645827)
(31,1836797979)
(26,2044095932)
(68,200823)
(5,0)
(2,0)
